382
536
70
116
801
503
988
539
951
753
492
743
751
821
449
523
695
839
378
86
422
613
483
635
43
919
366
461
357
458
511
90
993
581
206
793
83
545
331
33
298
174
775
48
995
575
922
689
765
651
774
539
263
608
173
305
878
890
117
235
347
628
676
340
560
233
484
642
778
167
26
75
340
153
474
334
727
395
22
844
397
147
382
659
755
554
315
632
443
432
218
141
59
246
480
618
478
316
611
255
482
636
681
173
788
506
507
867
900
880
62
648
27
443
306
133
348
621
116
142
404
334
282
814
579
114
431
408
781
393
15
262
380
695
434
520
201
292